 53284.9766  -24.31
 53286.8891  71.02
 53295.0357  -16.11
 53295.0451  -17.40
 53351.8543  -41.37
 53351.8619  -41.58
 53351.8696  -42.64
 53352.8509  -58.45
 53352.8585  -58.09
 53352.8662  -58.37
 53353.8324  -37.74
 53353.8400  -37.28
 53353.8477  -37.72
  53743.8233  114.10
  53743.8295  111.35
  53743.8357  112.81
  53743.8441  113.82
  53743.8538  112.82
  53743.8634  113.03
  53743.8899  111.85
  53743.8996  110.28
  53743.9093  110.97
  53744.7029  86.47
  53744.7505  91.19
  53744.7615  91.10
  53744.8411  89.35
  53746.9205  -11.84
  53746.9302  -15.04
  53747.6064  -38.47
  53747.6161  -40.22
  53747.6258  -39.88
  53747.6467  -40.07
  53747.6564  -40.17
  53747.6661  -38.91
  53747.7726  -40.50
  53747.7823  -38.86
  53747.8019  -36.81
  53747.8663  -43.21
  53747.8759  -42.50
  53747.8856  -44.88
  53748.6165  -58.05
  53748.6261  -58.03
  53748.6358  -56.42
  53748.6716  -57.99
  53748.6813  -57.10
  53748.6910  -57.56
  53748.9123  -55.18
  53748.9219  -58.90
  53748.9316  -61.12
  53752.6072  98.57
  53752.6154  98.44
  53752.6231  99.39
  53752.8687  105.95
  53752.8766  106.59
  53752.8843  105.54
  53791.6275  76.49
  53791.6352  76.67
  53807.6835  -56.14
  53807.6946  -55.60
  53807.7058  -56.05
  53808.6344  -45.27
  53808.6456  -44.77
  53808.6567  -44.70
  54076.7674  -11.24
  54078.7056  80.46
  54078.8048  83.00
  54078.9276  93.39
  54078.9633  93.42
  54079.8459  111.67
  54080.8400  103.50
  54081.7408  67.85
  54352.0014  -53.72
  54352.0090  -56.70
  54352.0167  -58.14
  54353.0157  -40.89
  54353.0234  -40.17
  54426.8782  109.46
  54427.8981  77.64
  54476.7711  98.43
  54476.7822  98.08
  54476.7933  98.26
  54480.6494  -55.21
  54481.6342  -45.23
  54484.6641  88.86
  54871.6072  115.54
  54875.6236  -35.95
  54875.6364  -36.53
  54876.6183  -59.56
  55203.8462  -48.09
  55203.8589  -47.28
  55203.8700  -45.52
  55204.7526  -12.41
  55204.7637  -18.45
  55204.7748  -16.22
  55207.7999  119.62
  55207.8110  118.20
  55207.8221  116.30
  55208.7758  107.32
  55208.7869  108.77
  55208.7980  111.77
  55208.8123  117.30
  55208.8234  113.44
  55208.8345  114.66
  55208.8496  112.16
  55208.9175  110.55
  55208.9295  110.69
  55209.7310  75.38
  55209.7421  76.23
  55209.7532  74.90
  55530.8857  -35.64
  55530.8964  -34.66
  55530.9070  -35.08
  55533.0263  72.52
  55535.8669  95.55
  55574.8872  118.48
  55574.8969  117.26
  55578.7133  -45.10